# Era-valid, tradeable Grand Exchange item ids (2006-12-12 cutoff)
2
6
8
10
12
33
34
36
39
40
41
42
43
44
45
46
48
50
52
53
54
56
58
60
62
64
66
68
70
72
91
93
95
97
99
101
103
105
107
109
111
113
115
117
119
121
123
125
127
129
131
133
135
137
139
141
143
145
147
149
151
153
155
157
159
161
163
165
167
169
171
173
175
177
179
181
183
185
187
189
191
193
195
197
199
201
203
205
207
209
211
213
215
217
219
221
223
225
227
229
231
233
235
237
239
241
243
245
247
249
251
253
255
257
259
261
263
265
267
269
288
299
301
303
305
307
309
311
313
314
315
317
319
321
325
327
329
331
333
335
339
341
345
347
349
351
353
355
359
361
363
365
371
373
377
379
383
385
389
391
395
397
401
403
405
407
409
411
413
426
428
434
436
438
440
442
444
447
449
451
453
464
466
468
470
472
474
476
478
480
482
484
486
488
490
492
526
528
530
532
534
536
538
540
542
544
550
554
555
556
557
558
559
560
561
562
563
564
565
566
567
569
571
573
575
577
579
581
583
585
590
592
596
598
600
626
628
630
632
634
636
638
640
642
644
646
648
650
652
654
656
658
660
662
664
674
689
712
740
751
753
759
767
800
801
802
803
804
805
806
807
808
809
810
811
812
813
814
815
816
817
819
820
821
822
823
824
825
826
827
828
829
830
831
832
833
834
835
836
837
839
841
843
845
847
849
851
853
855
857
859
861
863
864
865
866
867
868
869
870
871
872
873
874
875
876
877
878
879
880
881
882
883
884
885
886
887
888
889
890
891
892
893
942
943
946
948
950
952
954
958
960
962
970
972
973
975
981
983
985
987
989
991
993
1005
1007
1009
1011
1013
1015
1017
1019
1021
1023
1025
1027
1029
1031
1033
1035
1038
1040
1042
1044
1046
1048
1050
1053
1055
1057
1059
1061
1063
1065
1067
1069
1071
1073
1075
1077
1079
1081
1083
1085
1087
1089
1091
1093
1095
1097
1099
1101
1103
1105
1107
1109
1111
1113
1115
1117
1119
1121
1123
1125
1127
1129
1131
1133
1135
1137
1139
1141
1143
1145
1147
1149
1151
1153
1155
1157
1159
1161
1163
1165
1167
1169
1171
1173
1175
1177
1179
1181
1183
1185
1187
1189
1191
1193
1195
1197
1199
1201
1203
1205
1207
1209
1211
1213
1215
1217
1219
1221
1223
1225
1227
1229
1231
1233
1237
1239
1241
1243
1245
1247
1249
1251
1253
1255
1257
1259
1261
1263
1265
1267
1269
1271
1273
1275
1277
1279
1281
1283
1285
1287
1289
1291
1293
1295
1297
1299
1301
1303
1305
1307
1309
1311
1313
1315
1317
1319
1321
1323
1325
1327
1329
1331
1333
1335
1337
1339
1341
1343
1345
1347
1349
1351
1353
1355
1357
1359
1361
1363
1365
1367
1369
1371
1373
1375
1377
1379
1381
1383
1385
1387
1389
1391
1393
1395
1397
1399
1401
1403
1405
1407
1420
1422
1424
1426
1428
1430
1432
1434
1436
1438
1440
1442
1444
1446
1448
1450
1452
1454
1456
1458
1459
1462
1464
1465
1470
1472
1474
1476
1478
1487
1511
1513
1515
1517
1519
1521
1523
1539
1540
1550
1577
1586
1592
1595
1597
1599
1601
1603
1605
1607
1609
1611
1613
1615
1617
1619
1621
1623
1625
1627
1629
1631
1633
1635
1637
1639
1641
1643
1645
1649
1650
1651
1652
1653
1654
1656
1658
1660
1662
1664
1668
1669
1670
1671
1672
1673
1675
1677
1679
1681
1683
1687
1688
1689
1690
1691
1692
1694
1696
1698
1700
1702
1704
1706
1708
1710
1712
1714
1716
1718
1720
1722
1724
1725
1727
1729
1731
1733
1734
1735
1737
1739
1741
1743
1745
1747
1749
1751
1753
1755
1757
1759
1761
1763
1765
1767
1769
1771
1773
1775
1777
1779
1781
1783
1785
1787
1789
1791
1793
1794
1823
1825
1827
1829
1831
1833
1835
1837
1841
1859
1861
1863
1865
1867
1869
1871
1873
1875
1877
1879
1881
1883
1885
1887
1889
1891
1893
1895
1897
1899
1901
1905
1907
1909
1911
1913
1915
1917
1919
1921
1923
1925
1927
1929
1931
1933
1935
1937
1939
1940
1941
1942
1944
1946
1947
1949
1951
1953
1955
1957
1959
1961
1963
1965
1967
1971
1973
1975
1978
1980
1982
1985
1987
1989
1993
1997
1999
2001
2003
2007
2009
2011
2013
2015
2017
2019
2021
2023
2025
2026
2028
2030
2032
2034
2036
2038
2040
2042
2044
2046
2048
2050
2052
2054
2056
2058
2060
2062
2064
2066
2068
2070
2072
2074
2076
2078
2080
2082
2084
2086
2088
2090
2092
2094
2096
2098
2100
2102
2104
2106
2108
2110
2112
2114
2116
2118
2120
2122
2124
2126
2128
2130
2132
2134
2136
2138
2140
2142
2146
2150
2152
2154
2156
2158
2160
2162
2164
2165
2166
2167
2169
2171
2178
2185
2187
2191
2195
2197
2201
2202
2203
2205
2207
2209
2211
2213
2215
2217
2219
2221
2223
2225
2227
2229
2231
2233
2235
2237
2239
2241
2243
2245
2253
2255
2259
2277
2281
2283
2285
2287
2289
2291
2293
2295
2297
2299
2301
2307
2309
2313
2315
2317
2319
2321
2323
2325
2327
2331
2333
2335
2337
2341
2343
2347
2349
2351
2353
2355
2357
2359
2361
2363
2366
2368
2370
2391
2428
2430
2432
2434
2436
2438
2440
2442
2444
2446
2448
2450
2452
2454
2456
2458
2460
2462
2464
2466
2468
2470
2472
2474
2476
2481
2483
2485
2487
2489
2491
2493
2495
2497
2499
2501
2503
2505
2507
2509
2513
2518
2520
2522
2524
2526
2532
2533
2534
2535
2536
2537
2538
2539
2540
2541
2550
2552
2554
2556
2558
2560
2562
2564
2566
2568
2570
2572
2577
2579
2581
2583
2585
2587
2589
2591
2593
2595
2597
2599
2601
2603
2605
2607
2609
2611
2613
2615
2617
2619
2621
2623
2625
2627
2629
2631
2633
2635
2637
2639
2641
2643
2645
2647
2649
2651
2653
2655
2657
2659
2661
2663
2665
2667
2669
2671
2673
2675
2714
2715
2717
2718
2720
2721
2724
2726
2728
2730
2732
2734
2736
2738
2740
2742
2744
2746
2748
2775
2777
2779
2781
2784
2787
2789
2791
2802
2804
2806
2808
2810
2812
2814
2816
2818
2820
2822
2824
2826
2828
2830
2859
2861
2862
2864
2865
2866
2876
2878
2890
2894
2896
2898
2900
2902
2904
2906
2908
2910
2912
2914
2916
2918
2920
2922
2924
2926
2928
2930
2932
2934
2936
2938
2940
2942
2953
2954
2955
2959
2961
2970
2972
2974
2976
2997
2998
3000
3002
3004
3006
3008
3010
3012
3014
3016
3018
3020
3022
3024
3026
3028
3030
3032
3034
3036
3038
3040
3042
3044
3046
3049
3051
3053
3054
3093
3094
3095
3096
3097
3098
3099
3100
3101
3105
3122
3123
3125
3138
3140
3142
3144
3147
3157
3159
3162
3179
3180
3181
3182
3183
3185
3186
3187
3188
3190
3192
3194
3196
3198
3200
3202
3204
3211
3216
3226
3228
3239
3325
3327
3329
3331
3333
3335
3337
3339
3341
3343
3345
3347
3349
3351
3353
3355
3357
3359
3361
3363
3365
3367
3369
3371
3373
3377
3379
3381
3385
3387
3389
3391
3393
3396
3398
3400
3402
3404
3406
3420
3422
3424
3426
3428
3430
3432
3434
3436
3438
3440
3442
3444
3446
3448
3470
3472
3473
3474
3475
3476
3477
3478
3479
3480
3481
3483
3485
3486
3488
3511
3517
3519
3521
3523
3527
3529
3531
3533
3535
3537
3539
3541
3543
3545
3547
3549
3551
3553
3555
3557
3559
3561
3563
3581
3583
3585
3587
3589
3591
3593
3595
3597
3600
3603
3711
3749
3751
3753
3755
3759
3761
3763
3765
3767
3769
3771
3773
3775
3777
3779
3781
3783
3785
3787
3789
3791
3793
3795
3797
3799
3801
3803
3805
3827
3828
3829
3830
3831
3832
3833
3834
3835
3836
3837
3838
3853
3855
3857
3859
3861
3863
3865
3867
4045
4049
4053
4087
4089
4091
4093
4095
4097
4099
4101
4103
4105
4107
4109
4111
4113
4115
4117
4119
4121
4123
4125
4127
4129
4131
4151
4153
4156
4161
4162
4164
4166
4168
4170
4178
4180
4207
4212
4224
4287
4289
4291
4293
4298
4300
4302
4304
4306
4308
4310
4313
4315
4317
4319
4321
4323
4325
4327
4329
4331
4333
4335
4337
4339
4341
4343
4345
4347
4349
4351
4353
4355
4357
4359
4361
4363
4365
4367
4369
4371
4373
4375
4377
4379
4381
4383
4385
4387
4389
4391
4393
4395
4397
4399
4401
4403
4405
4407
4409
4411
4413
4417
4419
4421
4423
4436
4438
4440
4456
4458
4460
4462
4464
4466
4468
4470
4472
4474
4476
4478
4480
4482
4498
4517
4522
4524
4525
4527
4529
4531
4532
4534
4535
4537
4539
4540
4542
4544
4546
4548
4551
4561
4580
4582
4585
4587
4593
4597
4598
4600
4608
4627
4675
4682
4683
4692
4694
4695
4696
4697
4698
4699
4708
4710
4712
4714
4716
4718
4720
4722
4724
4726
4728
4730
4732
4734
4736
4738
4740
4745
4747
4749
4751
4753
4755
4757
4759
4773
4778
4783
4788
4793
4798
4803
4812
4819
4820
4821
4822
4823
4824
4825
4827
4830
4832
4834
4838
4840
4842
4844
4846
4848
4850
4860
4866
4872
4878
4884
4890
4896
4902
4908
4914
4920
4926
4932
4938
4944
4950
4956
4962
4968
4974
4980
4986
4992
4998
5001
5003
5013
5014
5016
5018
5024
5026
5028
5030
5032
5034
5036
5038
5040
5042
5044
5046
5048
5050
5052
5054
5096
5097
5098
5099
5100
5101
5102
5103
5104
5105
5106
5280
5281
5283
5284
5285
5286
5287
5288
5289
5290
5291
5292
5293
5294
5295
5296
5297
5298
5299
5300
5301
5302
5303
5304
5305
5306
5307
5308
5309
5310
5311
5312
5313
5314
5315
5316
5318
5319
5320
5321
5322
5323
5324
5325
5329
5331
5341
5343
5345
5350
5352
5354
5356
5376
5378
5380
5382
5384
5386
5388
5390
5392
5394
5396
5398
5400
5402
5404
5406
5408
5410
5412
5414
5416
5418
5420
5422
5424
5426
5428
5430
5432
5434
5436
5438
5440
5442
5444
5446
5448
5450
5452
5454
5456
5458
5460
5462
5464
5466
5468
5470
5472
5474
5476
5478
5504
5516
5520
5521
5523
5525
5527
5529
5531
5533
5535
5537
5539
5541
5543
5545
5546
5547
5549
5551
5574
5575
5576
5601
5602
5605
5607
5616
5617
5618
5619
5620
5621
5622
5623
5624
5625
5626
5627
5628
5629
5630
5631
5632
5633
5634
5635
5636
5637
5638
5639
5640
5641
5642
5643
5644
5645
5646
5647
5648
5649
5650
5651
5652
5653
5654
5655
5656
5657
5658
5659
5660
5661
5662
5663
5664
5665
5666
5667
5668
5670
5672
5674
5676
5678
5680
5682
5686
5688
5690
5692
5694
5696
5698
5700
5704
5706
5708
5710
5712
5714
5716
5718
5720
5722
5724
5726
5728
5730
5734
5736
5738
5739
5741
5743
5745
5747
5749
5751
5753
5755
5757
5759
5761
5763
5765
5767
5769
5771
5773
5775
5777
5779
5781
5783
5785
5787
5789
5791
5793
5795
5797
5799
5801
5803
5805
5807
5809
5811
5813
5815
5817
5819
5821
5823
5825
5827
5829
5831
5833
5835
5837
5839
5841
5843
5845
5847
5849
5851
5853
5855
5857
5859
5861
5863
5865
5867
5869
5871
5873
5875
5877
5879
5881
5883
5885
5887
5889
5891
5893
5895
5897
5899
5901
5903
5905
5907
5909
5911
5913
5915
5917
5919
5921
5923
5925
5927
5929
5931
5933
5935
5937
5940
5943
5945
5947
5949
5952
5954
5956
5958
5960
5962
5964
5966
5968
5970
5972
5974
5976
5978
5980
5982
5984
5986
5988
5992
5994
5996
5998
6000
6002
6004
6006
6008
6010
6012
6014
6016
6018
6020
6022
6024
6026
6028
6030
6032
6034
6036
6038
6041
6043
6045
6047
6049
6051
6055
6061
6062
6123
6128
6129
6130
6131
6133
6135
6137
6139
6141
6143
6145
6147
6149
6151
6153
6155
6157
6159
6161
6163
6165
6167
6169
6171
6173
6209
6211
6213
6215
6217
6219
6221
6223
6225
6227
6229
6231
6233
6235
6237
6239
6241
6243
6245
6247
6249
6251
6253
6255
6257
6259
6261
6263
6265
6267
6269
6271
6273
6275
6277
6279
6281
6283
6285
6287
6289
6291
6293
6295
6297
6299
6303
6305
6306
6311
6313
6315
6317
6319
6322
6324
6326
6328
6330
6332
6333
6335
6337
6339
6341
6343
6345
6347
6349
6351
6353
6355
6357
6359
6361
6363
6365
6367
6369
6371
6373
6375
6377
6379
6382
6384
6386
6388
6390
6392
6394
6396
6398
6400
6402
6404
6406
6408
6410
6412
6414
6416
6418
6420
6422
6424
6426
6428
6430
6432
6434
6436
6438
6468
6470
6472
6474
6476
6522
6523
6524
6525
6526
6527
6528
6562
6563
6564
6565
6566
6568
6571
6573
6575
6577
6579
6581
6583
6585
6587
6589
6591
6593
6595
6597
6599
6601
6603
6605
6607
6609
6611
6613
6615
6617
6619
6621
6623
6625
6627
6629
6631
6633
6667
6668
6669
6670
6671
6672
6677
6678
6679
6680
6681
6683
6685
6687
6689
6691
6693
6697
6701
6703
6705
6712
6724
6729
6731
6733
6735
6737
6739
6760
6762
6764
6794
6809
6812
6814
6889
6893
6894
6895
6896
6897
6903
6908
6910
6912
6914
6916
6918
6920
6922
6924
6926
6959
6962
6967
6968
6969
6971
6973
6975
6977
6979
6981
6983
7004
7051
7054
7056
7058
7060
7062
7064
7066
7068
7070
7072
7074
7076
7078
7080
7082
7084
7086
7088
7110
7112
7114
7116
7122
7124
7126
7128
7130
7132
7134
7136
7138
7143
7155
7156
7158
7159
7162
7164
7166
7168
7170
7172
7174
7176
7178
7180
7182
7184
7186
7188
7190
7192
7194
7196
7198
7200
7202
7204
7206
7208
7210
7212
7214
7216
7218
7220
7222
7223
7224
7225
7228
7230
7237
7240
7242
7244
7246
7257
7259
7261
7263
7265
7267
7287
7289
7291
7293
7295
7306
7308
7310
7312
7314
7316
7318
7319
7321
7323
7325
7327
7329
7330
7331
7332
7334
7336
7338
7340
7342
7344
7346
7348
7350
7352
7354
7356
7358
7360
7362
7364
7366
7368
7370
7372
7374
7376
7378
7380
7382
7384
7386
7388
7390
7392
7394
7396
7398
7399
7400
7416
7418
7433
7435
7437
7439
7441
7443
7445
7447
7449
7451
7514
7521
7523
7524
7525
7526
7548
7550
7552
7554
7556
7558
7560
7562
7566
7568
7597
7598
7599
7600
7601
7602
7603
7604
7605
7606
7607
7608
7609
7610
7611
7612
7613
7614
7615
7616
7617
7618
7650
7652
7654
7656
7658
7660
7662
7664
7666
7668
7681
7750
7756
7759
7761
7763
7765
7767
7769
7771
7801
7919
7928
7929
7930
7931
7932
7933
7934
7936
7939
7944
7946
7952
7956
7957
8007
8008
8009
8010
8011
8012
8013
8014
8015
8016
8017
8018
8019
8020
8021
8128
8203
8204
8205
8206
8210
8214
8241
8242
8243
8244
8282
8283
8417
8419
8421
8423
8425
8427
8429
8431
8433
8435
8437
8439
8441
8443
8445
8447
8449
8451
8453
8455
8457
8459
8461
8463
8496
8498
8500
8502
8504
8506
8508
8510
8512
8514
8516
8518
8520
8522
8524
8526
8528
8530
8532
8548
8550
8552
8554
8556
8558
8560
8562
8564
8566
8568
8570
8572
8574
8576
8578
8580
8582
8584
8586
8588
8590
8592
8594
8596
8598
8600
8602
8604
8606
8608
8610
8612
8614
8616
8618
8620
8622
8778
8780
8782
8784
8786
8788
8790
8792
8794
8837
8872
8874
8876
8878
8880
8882
8901
8903
8905
8907
8909
8911
8913
8915
8917
8919
8921
8924
8925
8926
8927
8928
8932
8936
8938
8943
8944
8945
8946
8947
8948
8949
8950
8972
8974
8979
8986
9003
9004
9026
9028
9030
9032
9034
9036
9038
9040
9042
9044
9046
9048
9050
9052
9075
9140
9141
9142
9143
9144
9145
9174
9177
9179
9181
9183
9185
9187
9188
9189
9190
9191
9192
9193
9194
9236
9238
9239
9240
9241
9242
9243
9244
9245
9287
9288
9289
9290
9291
9292
9294
9295
9296
9298
9299
9301
9302
9303
9305
9306
9336
9337
9338
9339
9340
9341
9342
9375
9377
9378
9379
9380
9381
9382
9415
9416
9418
9419
9420
9423
9425
9427
9429
9431
9434
9436
9438
9440
9442
9444
9446
9448
9450
9452
9454
9457
9459
9461
9463
9465
9469
9470
9472
9475
9487
9489
9508
9510
9512
9514
9516
9518
9520
9522
9524
9527
9529
9531
9533
9535
9538
9540
9542
9544
9547
9549
9551
9553
9577
9578
9579
9580
9581
9582
9583
9584
9629
9634
9636
9638
9640
9642
9644
9666
9668
9670
9672
9674
9676
9678
9729
9731
9733
9735
9736
9739
9741
9743
9745
9843
9844
9845
9846
9847
9848
9849
9850
9851
9852
9853
9854
9855
9856
9857
9858
9859
9860
9861
9862
9863
9864
9865
9866
9867
9977
9978
9980
9984
9986
9988
9992
9994
9996
9998
10000
10002
10004
10006
10008
10010
10012
10014
10016
10018
10020
10025
10029
10031
10034
10035
10037
10039
10041
10043
10045
10047
10049
10051
10053
10055
10057
10059
10061
10063
10065
10067
10069
10071
10073
10074
10075
10077
10079
10081
10083
10085
10087
10088
10089
10090
10091
10093
10095
10097
10099
10101
10103
10105
10107
10109
10111
10113
10115
10117
10119
10121
10123
10125
10127
10129
10132
10134
10136
10138
10142
10143
10144
10145
10146
10147
10148
10149
10150
10156
10158
10159
10181
10183
10185
10187
10189
10191
10193
10195
10197
10199
10201
10203
10205
10207
10209
10211
10213
10215
10217
10219
10221
10223
10225
10227
10229
10231
10233
10235
10237
10239
10241
10243
10245
10247
10249
10251
10253
10255
10257
10259
10261
10263
10265
10267
10269
10271
10273
10275
10277
10279
10280
10282
10284
10286
10288
10290
10292
10294
10296
10298
10300
10302
10304
10306
10308
10310
10312
10314
10316
10318
10320
10322
10324
10326
10327
10330
10332
10334
10336
10338
10340
10342
10344
10346
10348
10350
10352
10354
10356
10358
10360
10362
10364
10366
10368
10370
10372
10374
10376
10378
10380
10382
10384
10386
10388
10390
10392
10394
10396
10398
10400
10402
10404
10406
10408
10410
10412
10414
10416
10418
10420
10422
10424
10426
10428
10430
10432
10434
10436
10438
10440
10442
10444
10446
10448
10450
10452
10454
10456
10458
10460
10462
10464
10466
10468
10470
10472
10474
10476
10486
10496
